99
2525 1
2400 5
300 2
120 60
60 90
738456639 1
616984730 4452
661807823 1
387923326 5536
261431588 1
204425280 5321
750525977 1
734257671 2197
89745022 1
15632255 6387
281501418 1
277076973 2397
111094660 1
3220708 9600
1000000000 1
1 10000
1000000000 2
998000000 1
999000000 1
890990793 1
459270117 1820
505704522 1
65905840 4184
63646771 1
5060706 9062
132083263 1
88770551 5448
342994472 1
314869265 9387
1000000000 2
1 3
2 2
836977786 1
193362641 1860
163023510 1
70126420 7489
433583708 1
75439813 8154
284631751 1
158733195 9282
80226611 1
54434769 1021
1000000000 1
1 1
936597215 1
850486411 3420
890232081 1
93806808 3044
8147019 1
1941455 9366
405845392 1
372248713 4315
929690767 1
113119494 7489
395153200 1
159898884 8107
424127989 1
184921698 341
774683684 1
298453055 1998
1000000000 2
999999997 3
999999998 2
572091151 1
135705364 5643
1000000000 2
999999997 2
999999996 3
581872572 1
317471294 3995
189892635 1
89945972 5420
631183739 1
152487040 1423
204491346 1
153411419 3490
768949986 1
154105939 1123
1000000000 2
12345676 2
12345675 3
301870105 1
36741422 4559
389109796 1
380935646 5133
637389147 1
410970385 9262
730379240 1
20245651 4745
608964332 1
343939587 4238
1000000000 1
999999999 10000
2 1
1 1
357660114 1
148956573 1767
115521889 1
46209978 9124
684640940 1
561885281 9401
306104368 1
289309729 2191
672926851 1
572037636 5739
1000000000 2
100 10000
200 10000
274766480 1
174112314 9792
4267683 1
362932 9003
877075487 1
241750072 7249
645446340 1
388516115 5743
873486595 1
782628790 4250
742440001 1
439918686 1039
1000000000 2
999999998 3
999999999 2
110312479 1
69311726 862
814049854 1
303088815 1217
416575454 1
217099762 4167
631042886 1
296805475 4595
124800560 1
124374928 1085
459421123 1
347435501 4504
955992592 1
490237405 8601
160052440 1
25964825 8161
841102287 1
20494915 8742
900921386 1
430071046 2300
238459366 1
162861331 2652
205372899 1
71180054 4980
626624263 1
104396769 1954
2 1
1 10000
265467920 1
41661310 7161
1000000000 1
999999999 1
67584581 1
62829569 7042
881812053 1
788750746 1862
357143685 1
218266237 3014
1000000000 2
999000000 10000
998000000 10000
778045861 1
646828193 9392
959345813 1
617439748 8402
755419523 1
531470306 2417
814286391 1
359470586 9290
625020202 1
324422209 4416
147082088 2
60912831 2608
35180813 5353
804256356 1
559252068 7247
768163047 1
641461498 3678
200000 2
5001 1
5000 10
50824192 1
32206277 1127
722548367 1
157754340 8931
295183368 1
267251816 737
697616682 1
162132375 6239
117686146 1
63958006 86
156265243 2
36470517 9767
11973898 3066
858746463 1
540745136 9549
921897067 1
635873173 9433
38785018 1
18325545 1892
602450335 1
552460402 1936
